iter      cost      cost_change  |gradient|   |step|    tr_ratio  tr_radius  ls_iter  iter_time  total_time
   0  3.912650e+00    0.00e+00    3.80e+00   0.00e+00   0.00e+00  1.00e+04        0    3.47e-03    3.73e-03
   1  2.085895e+00    1.83e+00    5.62e-01   1.56e+00   5.25e-01  1.00e+04        1    3.86e-03    7.75e-03
   2  1.312362e+01   -1.10e+01    5.62e-01   3.02e+00  -1.23e+01  5.00e+03        1    4.49e-04    8.31e-03
   3  1.313583e+01   -1.10e+01    5.62e-01   3.02e+00  -1.23e+01  1.25e+03        1    3.75e-04    8.75e-03
   4  1.320966e+01   -1.11e+01    5.62e-01   3.02e+00  -1.24e+01  1.56e+02        1    3.68e-04    9.19e-03
   5  1.394988e+01   -1.19e+01    5.62e-01   3.00e+00  -1.32e+01  9.77e+00        1    3.87e-04    9.63e-03
   6  5.089021e+01   -4.88e+01    5.62e-01   2.71e+00  -5.48e+01  3.05e-01        1    3.92e-04    1.01e-02
   7  1.577632e+00    5.08e-01    1.07e+00   6.47e-01   1.46e+00  9.16e-01        1    4.07e-03    1.42e-02
   8  3.849331e-01    1.19e+00    1.74e+00   7.96e-01   1.80e+00  2.75e+00        1    3.54e-03    1.79e-02
   9  6.780221e-02    3.17e-01    2.84e-01   2.52e-01   1.14e+00  8.24e+00        1    3.51e-03    2.15e-02
  10  6.501608e-02    2.79e-03    1.96e-02   1.80e-02   9.83e-01  2.47e+01        1    3.54e-03    2.51e-02
Ceres Solver Report: Iterations: 11, Initial cost: 3.912650e+00, Final cost: 6.501608e-02, Termination: NO_CONVERGENCE
Initial mu: 0   sigma: 1
Final mu: 1.57729       sigma: 0.605194
Press any key to continue . . .
